1 0.0004 0.0392 0.9604 0 0 1 100 
2 0.000512 0.017664 0.203136 0.778688 0 1 50 
3 0.000343 0.013671 0.181629 0.804357 0 1 65 
4 0.015 0.985 0 0 0 2 80 
5 0.0016 0.0768 0.9216 0 0 2 70 
6 0.005929 0 0.142142 0 0.851929 1 135 
7 0.003 0 0.997 0 0 2 60 
8 0.007225 0 0.15555 0 0.837225 1 35 
9 0.005929 0 0.142142 0 0.851929 1 35 
10 0.003 0.997 0 0 0 2 80 
11 0.034 0.966 0 0 0 2 55 
12 0.0036 0.1128 0.8836 0 0 3 40 
13 0.000001 0.000297 0.029403 0.970299 0 2 110 
14 0.000784 0.054432 0.944784 0 0 1 65 
15 0.000225 0.02955 0.970225 0 0 1 70 
16 0.095 0.905 0 0 0 3 15 
17 0.005776 0.140448 0.853776 0 0 3 35 
18 0.000625 0.04875 0.950625 0 0 2 75 
19 0.000729 0.022113 0.223587 0.753571 0 1 40 
20 0.001 0.027 0.243 0.729 0 2 35 
21 0.000512 0.017664 0.203136 0.778688 0 1 45 
22 0.004225 0.12155 0.874225 0 0 3 30 
23 0.005929 0 0.142142 0 0.851929 1 85 
24 0.003 0 0.997 0 0 2 70 
25 0.000216 0.010152 0.159048 0.830584 0 3 55 
26 0.034 0.966 0 0 0 2 30 
27 0.000512 0.017664 0.203136 0.778688 0 2 55 
28 0.000343 0.013671 0.181629 0.804357 0 1 60 
29 0.001 0.027 0.243 0.729 0 3 35 
30 0.0009 0.0582 0.9409 0 0 2 85 
31 0.002809 0.100382 0.896809 0 0 1 60 
32 0.000166375  0.008575875 0.147349125 0.843908625 0 2 70 
33 0.000125 0.007125 0.135375 0.857375 0 2 80 
34 0.0001 0.0198 0.9801 0 0 1A1 140 
35 0.025 0.975 0 0 0 3 10 
36 0.024 0.976 0 0 0 3 60 
37 0.000125 0.007125 0.135375 0.857375 0 2 75 
38 0.000110592  0.006580224 0.130507776 0.862801408 0 1 85 
39 0.0001 0 0.0198 0 0.9801 1 100 
40 0.001849 0 0.082302 0 0.915849 3 60 
41 0.001024 0.061952 0.937024 0 0 2 60 
42 0.000676 0.050648 0.948676 0 0 2 65 
43 0.007921 0.162158 0.829921 0 0 4 35 
44 0.000512 0.017664 0.203136 0.778688 0 2 25 
45 0.001 0.027 0.243 0.729 0 5 20 
46 0.097 0 0.903 0 0 4 40 
47 0.000001 0.000297 0.029403 0.970299 0 3 135 
48 0.022 0.978 0 0 0 2 70 
49 0.000256 0 0.031488 0 0.968256 1 145 
50 0.001225 0 0.06755 0 0.931225 1 70 
51 0.025 0.975 0 0 0 3 70 
52 0.000274625  0.011851125 0.170473875 0.817400375 0 2 65 
53 0.000529 0 0.044942 0 0.954529 3 120 
54 0.000144 0 0.023712 0 0.976144 1 110
55 0.000216 0.010152 0.159048 0.830584 0 2 70 
56 0.000117649  0.006850053 0.132946947 0.860085351 0 1 60 
57 0.046 0 0.954 0 0 2 50 
58 0.083 0 0.917 0 0 3 40 
59 0.000015625  0.001828125 0.071296875 0.926859375 0 3 105 
60 0.000274625  0.011851125 0.170473875 0.817400375 0 2 60 
61 0.001369 0.071262 0.927369 0 0 2 85 
62 0.000001 0.000297 0.029403 0.970299 0 2 125 
63 0.000512 0.017664 0.203136 0.778688 0 3 50 
64 0.006084 0.143832 0.850084 0 0 2 40 
65 0.004096 0.119808 0.876096 0 0 5 45 
66 0.003481 0.111038 0.885481 0 0 4 50 
67 0.035 0.965 0 0 0 2 60 
68 0.022 0 0.978 0 0 3 70 
69 0.000166375  0.008575875 0.147349125 0.843908625 0 3 85 
70 0.000042875  0.003546375 0.097778625 0.898632125 0 3 95 
71 0.000024389  0.002449833 0.082027167 0.915498611 0 2 100 
72 0.000324 0 0.035352 0 0.964324 1 95 
73 0.000000343  0.000145971 0.020707029 0.979146657 0 2 145 
74 0.004356 0.123288 0.872356 0 0 3 30 
75 0.055 0.945 0 0 0 2 15 
76 0.001936 0.084128 0.913936 0 0 5 55 
77 0.000035937  0.003159189 0.092573811 0.904231063 0 4 85 
78 0.000484 0 0.043032 0 0.956484 2 115 
79 0.000121 0 0.021758 0 0.978121 1 100 
80 0.001 0.999 0 0 0 2 100
